0 7 1.521865889212828
1 27 9.621109607577807
2 52 17.52980132450331
3 0 0
4 44 14.5
5 0 0
6 0 0
7 78 15.459183673469388
8 8 2.103896103896104
9 2 0.8870636550308009
10 64 20.155619596541786
11 9 3.061224489795918
12 0 0
13 0 0
14 0 0
15 64 18.601056803170408
16 55 15.756302521008404
17 0 0
18 0 0
19 16 5.139240506329114
20 0 0
21 26 10.095087163232964
22 9 3.4541577825159915
23 6 2.479427549194991
24 19 5.358592692828146
25 28 8.89873417721519
26 33 11.680170575692964
27 21 7.1273100616016425
28 42 13.696098562628336
29 0 0
30 30 9.717391304347826
31 48 14.96083550913838
32 21 5.901639344262295
33 7 0.9119420989143546
34 2 0.3539325842696629
35 0 0
36 73 12.170596393897364
37 6 1.9894736842105263
38 56 19.928400954653938
39 3 0.8901098901098901
40 3 1.06973058637084
41 42 14.073308270676693
42 9 3.2453825857519787
43 0 0
44 0 0
45 32 11.901369863013699
46 0 0
47 55 18.078709677419354
48 22 6.72863568215892
49 73 23.94692400482509
50 10 3.7804878048780486
51 2 0.6585365853658537
52 7 0.996742671009772
53 67 14.802919708029197
54 70 12.060518731988473
55 0 0
56 34 12.080385852090032
57 48 15.360927152317881
58 36 12.57847533632287
59 0 0
60 47 14.483747609942638
61 32 9.614609571788414
62 0 0
63 18 4.532156368221942
64 32 12.821917808219178
65 0 0
66 29 9.902912621359222
67 18 5.988326848249027
68 0 0
69 33 3.7841945288753798
70 28 6.3915094339622645
71 0 0
72 4 1.08953341740227
73 9 3.2219570405727924
74 0 0
75 62 21.23013698630137
76 4 1.5456171735241502
77 2 0.3539325842696629
78 47 15.535714285714286
79 42 12.93125
80 51 8.138613861386139
81 0 0
82 15 5.201005025125628
83 0 0
84 2 0.6733870967741935
85 57 20.629674306393245
86 29 10.124653739612189
87 12 4.212765957446808
88 0 0
89 13 4.037520391517129
90 24 9.052631578947368
91 45 15.578363384188627
92 71 19.616908850726553
93 44 14.013050570962479
94 15 5.603588907014682
95 0 0
96 36 12.729946524064172
97 62 21.423401688781663
98 14 5.446685878962536
99 31 11.06412478336222
